172
824
687
466
779
201
498
139
336
880
1061
148
150
839
170
144
23
357
369
994
252
766
956
61
545
884
62
225
241
1087
448
94
604
352
997
95
524
638
821
277
226
293
741
948
715
845
81
265
501
141
97
443
594
340
302
463
566
1008
628
315
1068
981
879
622
614
64
714
1102
948
700
432
928
83
670
376
1107
282
278
771
506
425
584
541
734
135
496
108
674
161
378
1015
46
1109
327
602
1098
858
95
756
700
357
394
637
601
784
1024
892
221
502
230
75
924
1058
901
396
501
998
544
259
528
362
1098
896
824
455
176
304
1097
423
943
60
566
862
218
109
719
479
469
766
145
169
32
119
298
675
670
836
847
562
546
156
262
842
392
1064
239
223
133
244
857
653
743
619
186
91
903
131
907
413
421
62
542
778
401
131
640
907
409
796
736
1109
538
1025
881
852
304
908
866
609
609
247
546
1004
453
564
728
787
682
1032
457
